0.000000000000000000e+00 0.000000000000000000e+00
1.000000000000000000e+00 2.430000000000052296e+01
2.000000000000000000e+00 0.000000000000000000e+00
3.000000000000000000e+00 0.000000000000000000e+00
4.000000000000000000e+00 0.000000000000000000e+00
5.000000000000000000e+00 0.000000000000000000e+00
6.000000000000000000e+00 0.000000000000000000e+00
7.000000000000000000e+00 0.000000000000000000e+00
8.000000000000000000e+00 0.000000000000000000e+00
9.000000000000000000e+00 0.000000000000000000e+00
4.243991581930544630e-314 0.000000000000000000e+00
1.713120058369804883e-316 1.000000000000000000e+00
0.000000000000000000e+00 2.000000000000000000e+00
2.121995790965272315e-313 3.000000000000000000e+00
6.952998351342609695e-310 4.000000000000000000e+00
2.077863724972717640e-317 5.000000000000000000e+00
2.073882049932883034e-317 6.000000000000000000e+00
2.429999999999949978e+00 7.000000000000000000e+00
6.952998351354072018e-310 8.000000000000000000e+00
2.124069673015205198e-314 9.000000000000000000e+00
2.429999999999949978e+00 4.243991581930544630e-314
1.713116105844638153e-316 1.713120058369804883e-316
2.077874100351280306e-317 0.000000000000000000e+00
6.943203508546912452e-310 2.121995790965272315e-313
6.952998351354072018e-310 6.952998351342609695e-310
6.952998351354072018e-310 2.077863724972717640e-317
2.121995790965272315e-314 2.073882049932883034e-317
2.077809871817320944e-317 2.429999999999949978e+00
0.000000000000000000e+00 6.952998351354072018e-310
1.827007010733567162e+174 2.124069673015205198e-314
2.073882049932883034e-317 2.429999999999949978e+00
