6.952843736391596847e-310
4.793000000000000114e+02
1.793000000000000114e+02
3.000000000000000000e+02
-2.000000000000000000e+01
2.000000000000000000e+02
2.993000000000000114e+02
-2.000000000000000000e+01
0.000000000000000000e+00
0.000000000000000000e+00
1.993000000000000114e+02
3.000000000000000000e+02
4.793000000000000114e+02
7.392099522372062355e-317
7.390534322406037286e-317
2.758594528254854010e-313
2.077383987230605789e-317
6.909048431528556425e-310
6.952843736390806342e-310
6.952843736390806342e-310
2.121995790965272315e-314
2.077306418924208714e-317
0.000000000000000000e+00
-2.262504608571909654e-263
2.073889954983216494e-317
6.952843736390411089e-310
0.000000000000000000e+00
0.000000000000000000e+00
2.352031774395383196e+263
1.988479282476279079e+266
0.000000000000000000e+00
0.000000000000000000e+00
0.000000000000000000e+00
2.077383987230605789e-317
6.952843736390806342e-310
4.940656458412465442e-324
0.000000000000000000e+00
0.000000000000000000e+00
2.073889954983216494e-317
6.952843736390411089e-310
0.000000000000000000e+00
2.073910211674695985e-317
6.952843736390015837e-310
6.909048729948949543e-310
4.940656458412465442e-324
6.952843736687443356e-310
0.000000000000000000e+00
6.952843736688036234e-310
6.952843736689567838e-310
6.952843736691593507e-310
